"is_loaded","burst_date_mother","position_mother","position_ancestor","nature_ancestor","0","1","2","3","4","5","6","7"
"yes",1,"A","A","F",0.10461131064777,0.0743573050083405,0.347931703246322,0.323777782872529,0.0823463441650053,0.0200592325031054,0.0236716291051565,0.0232446924517711
"no",1,"A","A","F",0.0901100144979959,0.0658451533935296,0.329653588010093,0.342835781153224,0.0934821607270444,0.0231874931078331,0.027577421386489,0.0273083877237911
"yes",2,"A","A","F",0.094436922502628,0.0684409292391484,0.335643827335676,0.337141957135101,0.089901848704075,0.0221680543958189,0.0262974899528737,0.0259689707346785
"no",2,"A","A","F",0.0812180759314089,0.0603586372913719,0.315727653469131,0.354384983653746,0.101657234002494,0.0255669093521745,0.0305924440313395,0.0304940622683347
"yes",3,"A","A","F",0.0851579714081421,0.0628150746604062,0.322179514564479,0.349307299603952,0.0978895566922002,0.0244611254023513,0.0291864038251947,0.0290030538432741
"no",3,"A","A","F",0.0731330569926067,0.0551892985786204,0.300950614155475,0.364432268563673,0.11021656178406,0.0281408310588405,0.0338990101851986,0.0340383586815266
"yes",4,"A","A","F",0.0767134946063785,0.0574999967455869,0.307761507244249,0.360061860166155,0.106279435693585,0.0269458877546972,0.0323579781773204,0.0323798396120278
"no",4,"A","A","F",0.0657952420645549,0.050345739648109,0.28554703852166,0.3727927768036,0.119110566074072,0.0309138583825345,0.0375163104775362,0.0379784680279334
"yes",5,"A","A","F",0.0690431963996791,0.0525076699851024,0.292615276282196,0.369210787147216,0.115028322751355,0.02962795924744,0.0358316393144373,0.0361351488725743
"no",5,"A","A","F",0.0591466856253884,0.0458300144005019,0.269735167108119,0.37930819168128,0.128274763319062,0.0338878978374723,0.0414626135234267,0.0423546665047497
"yes",6,"A","A","F",0.0620882495151424,0.0478429795183977,0.276962649322183,0.376582943367539,0.124078633548196,0.0325105517949732,0.0396261488340299,0.0403078440995384
"no",6,"A","A","F",0.0531317509001591,0.0416387849674966,0.253721610998186,0.383852368330199,0.137629008543233,0.0370614842048528,0.0457546109270603,0.0472103811288135
"yes",7,"A","A","F",0.0557919107850358,0.0435049000365031,0.261016124894694,0.382036916557104,0.133357407482864,0.0355938210880231,0.043759004808984,0.0449399143467916
"no",7,"A","A","F",0.0476974959991256,0.0377644029417324,0.237697012278327,0.386335917092566,0.147077282317139,0.040429053996605,0.0504066322085486,0.0525922031659555
"yes",8,"A","A","F",0.0500999737549691,0.0394876152897482,0.244974078569323,0.385466111878353,0.142775829874941,0.038874159582882,0.0482457168233116,0.0500765142264723
"no",8,"A","A","F",0.0427939305584352,0.0341958896923263,0.221832765415884,0.38670949985358,0.15650816096876,0.0439801953527205,0.0554297243775925,0.0585498337807013
"yes",9,"A","A","F",0.0449610814096329,0.0357815466395451,0.229016994473427,0.386802659395607,0.152229374840898,0.0423434533931304,0.0530989473945555,0.0557659424532048
"no",9,"A","A","F",0.03837416481114,0.0309198020342611,0.206278823991501,0.384965665656163,0.165796092440975,0.0476989096481663,0.0608305973283912,0.0651359440894017
"yes",10,"A","A","F",0.0403269215428161,0.0323742719226137,0.213304779968561,0.386019930731814,0.161598701437038,0.0459883334942578,0.058327517728809,0.06205954317409
"no",10,"A","A","F",0.0343944712559205,0.0279209786686493,0.191162549948964,0.381139128882909,0.174803565149128,0.0515629312308994,0.0666104452235582,0.0724059296399718
"yes",11,"A","A","F",0.0361523258023864,0.0292513261944323,0.197975149969871,0.383133532302975,0.170751408562884,0.0497894625550379,0.0639352835515843,0.0690115110608289
"no",11,"A","A","F",0.0308142769539875,0.0251831695650094,0.176588507667101,0.375305475352617,0.18338420449291,0.0555431626182906,0.0727636658164588,0.0804175375336257
"yes",12,"A","A","F",0.0323952914432332,0.0263968837321718,0.183143006368832,0.378200722809067,0.179544709379428,0.053720909873512,0.0699198972526616,0.0766785791410948
"no",12,"A","A","F",0.0275961021949892,0.0226895551091923,0.162639065841702,0.367578364495203,0.191386763133223,0.0596032917356634,0.0792765142525751,0.0892303432374517
"yes",1,"L","A","F",0.112475407877027,0.0787532639751236,0.35588362544207,0.313601838652963,0.0772156184497348,0.0186584450470443,0.021943252571587,0.0214685479844503
"no",1,"L","A","F",0.0970020839156488,0.0699572168522542,0.338971352526928,0.333762651141471,0.0878884169808062,0.0216005485061443,0.0255879763124349,0.0252297537643127
"yes",2,"L","A","F",0.101622973564279,0.0726466202981183,0.344569310204962,0.32768783894984,0.0844499328240341,0.0206407377760666,0.0243928116186577,0.0239897747640425
"no",2,"L","A","F",0.0874954437099051,0.064253265735679,0.325792700408108,0.346261673243255,0.0957657825134809,0.0238447795857629,0.0284063856104116,0.0281799691933976
"yes",3,"L","A","F",0.0917094591704505,0.0668102817661512,0.33192460533694,0.340733348138983,0.0921307090445147,0.022801118794912,0.0270914969200348,0.0267989808280138
"no",3,"L","A","F",0.0788391524620944,0.0588556537210711,0.311601719007855,0.357403828523968,0.10405436074731,0.0262789147381474,0.0315023411740112,0.0314640296255432
"yes",4,"L","A","F",0.0826740302743159,0.0612711359998883,0.318166145169074,0.352518404508393,0.10023639893532,0.025148020292773,0.0300588062322777,0.0299270585879586
"no",4,"L","A","F",0.0709726552047194,0.0537784012870229,0.296623803837315,0.366989150510696,0.112714548742763,0.0289091007441709,0.0348953587899213,0.0351169808833921
"yes",5,"L","A","F",0.074455820643658,0.0560469636266756,0.303518126305113,0.362835225579774,0.108733381276138,0.027688420499168,0.0333143384822742,0.0334077235872003
"no",5,"L","A","F",0.0638366751417342,0.0490281276903773,0.281082312974863,0.374839706439636,0.121692632034429,0.0317392371436541,0.0386044262886239,0.039176882286682
"yes",6,"L","A","F",0.066994879161581,0.0511476011296419,0.288205606529384,0.371495051222566,0.117574510834931,0.0304273152822133,0.0368773849282422,0.0372776509114405
"no",6,"L","A","F",0.0573738756428824,0.0446052383439594,0.265192679651745,0.380805797141505,0.130919728818495,0.0347703429850014,0.0426474359414575,0.0436849014749537
"yes",7,"L","A","F",0.0602329161763722,0.0465761345600991,0.272448303202161,0.378334621091521,0.126697909253505,0.0333671162846914,0.0407664140622288,0.0415765853694203
"no",7,"L","A","F",0.0515293531511413,0.0405050634353816,0.249157369817429,0.384771316897827,0.140311173749686,0.0379998629793334,0.0470404932915875,0.0486853666776149
"yes",8,"L","A","F",0.0541138704490041,0.042330065600883,0.256455143172619,0.383221954145258,0.136026131138172,0.0365069828865573,0.0449984379077843,0.0463474146997231
"no",8,"L","A","F",0.0462509841801721,0.0367189124861157,0.233161837582254,0.386657992595321,0.149766485425706,0.041420931298611,0.0517970938853312,0.0542257625464898
"yes",9,"L","A","F",0.0485843196273813,0.0384024078121257,0.240419750283734,0.38606112890923,0.145465848381569,0.0398421024314461,0.049588249619744,0.0516361929347708
"no",9,"L","A","F",0.0414896491969619,0.0332350230125804,0.217371555908774,0.386428279081125,0.159170054469628,0.0450216207351388,0.0569271642233127,0.06035665337248
"yes",10,"L","A","F",0.0435937573556647,0.0347826853966846,0.224516982312095,0.386795813318423,0.154908194639989,0.0433629419458825,0.0545475262388394,0.0574920987924207
"no",10,"L","A","F",0.0371993548709895,0.0300393924153375,0.201930126860342,0.384086758156103,0.168392666445375,0.0487842156275425,0.0624359703911158,0.0671315152331946
"yes",11,"L","A","F",0.0390947591887753,0.0314578189427319,0.2089005541282,0.385411358192708,0.164229896594786,0.0470545047820782,0.0598837965061063,0.0639673116646144
"no",11,"L","A","F",0.0333372742767973,0.0271164906672285,0.186958411526355,0.379679967504558,0.177293933739048,0.0526845581542997,0.0683229075981562,0.0746064565335562
"yes",12,"L","A","F",0.035043057813146,0.0284128921777327,0.193701714941234,0.381935344039898,0.173295286579587,0.0508956366917842,0.0655992821804834,0.0711167855761343
"no",12,"L","A","F",0.0298637224367279,0.0244498574936475,0.172554569084953,0.373294668571048,0.185725653031303,0.0566915281943512,0.0745801964447291,0.0828398047432402
"yes",1,"A","L","F",0.0640416679255712,0.0491665283485508,0.281556957853886,0.374629923979247,0.121417961147954,0.0316509812308189,0.0384878201258017,0.0390481593881709
"no",1,"A","L","F",0.0548198504960015,0.0428253026897324,0.258390687251071,0.38273938790517,0.134892737548433,0.0361176530155055,0.0444691176011789,0.0457452634929071
"yes",2,"A","L","F",0.0575593910476358,0.0447338154241252,0.265674783520803,0.380654699924099,0.13063870905838,0.0346760464264364,0.0425205167148464,0.0435420378836742
"no",2,"A","L","F",0.0492219140739738,0.0388597227816056,0.242350715746353,0.38582947829024,0.144324476948187,0.0394296197716363,0.0490150706938186,0.0509690016941862
"yes",3,"A","L","F",0.0516970070321318,0.0406240215328041,0.249641060294163,0.384681870058295,0.140026590063001,0.0378996620527285,0.0469028091820832,0.0485269797847935
"no",3,"A","L","F",0.0441688988445524,0.0352034967569191,0.226423356517078,0.386819691149597,0.153772775054464,0.0429287320535302,0.0539292781937104,0.0567537714301483
"yes",4,"A","L","F",0.0464023047508813,0.0368285629639999,0.233641803994234,0.386631971272769,0.149481593410244,0.0413151032100773,0.0516482850909532,0.0540503753068415
"no",4,"A","L","F",0.0396130029121605,0.0318438162933265,0.210764965822996,0.385690287866835,0.163116008146159,0.0466006906903991,0.0592198284415449,0.0631513998265784
"yes",5,"A","L","F",0.0416260718693187,0.0333357570802301,0.21784312287403,0.386466202434972,0.158888547919974,0.0449106061264423,0.056766993842977,0.060162697852055
"no",5,"A","L","F",0.0355095766155682,0.0287659500235313,0.195509540454945,0.382463777319917,0.172219866523149,0.050425118265907,0.0648896487698311,0.070216522027151
"yes",6,"A","L","F",0.0373222198625901,0.0301316577983106,0.202389295907352,0.384187869977497,0.168118618403547,0.0486686396978573,0.0622643591597805,0.0669173391930652
"no",6,"A","L","F",0.0318171332849762,0.0259539064468254,0.180768249572339,0.377204076056926,0.180940181267019,0.0543749542109941,0.0709352514541832,0.0780062477067361
"yes",7,"A","L","F",0.0334478264258078,0.0272007718422691,0.187401873375473,0.379842264444321,0.177031709571817,0.0525652487399506,0.068139971904821,0.0743703336955407
"no",7,"A","L","F",0.0284973020258701,0.0233909842501639,0.166629817304203,0.370014136298068,0.189126662476045,0.0584160117737424,0.0773454018488856,0.0865796840230223
"yes",8,"A","L","F",0.0299631127338855,0.0245266593076818,0.172979690513136,0.373514974497272,0.18547979602654,0.0565695288529217,0.074386288643749,0.0825799494248148
"no",8,"A","L","F",0.0255147366442644,0.0210602190840018,0.153161601229201,0.361032166749504,0.196627459303,0.0625067680420017,0.0840997571339908,0.0959972918140372
"yes",9,"A","L","F",0.0268313707056797,0.0220924262514833,0.159199649840637,0.365328727209926,0.193311124980547,0.0606433013659918,0.0809872766125816,0.0916061230331533
"no",9,"A","L","F",0.0228369926182563,0.0189447377400291,0.140411200155583,0.350426645264846,0.203294368752037,0.0665984603206383,0.091167542481168,0.106320052667442
"yes",10,"A","L","F",0.0240188531654816,0.0198811195492232,0.1461181090501,0.355438921130589,0.200375156816294,0.0647410614373235,0.0879170633620152,0.101509715488974
"no",10,"A","L","F",0.0204343819759528,0.0170280314575738,0.128408426762944,0.338390385149306,0.208988439661072,0.0706355573143767,0.0985063505752951,0.11760842710348
"yes",11,"A","L","F",0.021494637667979,0.0178760355099578,0.13377270749988,0.344028087067583,0.206528025524679,0.0688102709589762,0.0951386683264941,0.112351567444451
"no",11,"A","L","F",0.0182798141024486,0.0152941600566974,0.117167493566628,0.325133963779046,0.213585651097558,0.0745566599112437,0.106061168436505,0.129921089049874
"yes",12,"A","L","F",0.019230472817574,0.016060954042103,0.122184472797357,0.331299566201091,0.21163822647105,0.07279205845721,0.10260291235999,0.124191336853626
"no",12,"A","L","F",0.0163486288863511,0.0137278980208899,0.106689280858719,0.310878849132112,0.216982300922271,0.0782958627838778,0.113763749840195,0.143313429555583
"yes",1,"L","L","F",0.0690912979542568,0.0525394720229943,0.292716901516497,0.369156184753615,0.114969658908707,0.0296096454782626,0.035807737867853,0.0361091014978132
"no",1,"L","L","F",0.0591883307572952,0.045858680430123,0.269840157996188,0.379271619099541,0.128213703932427,0.0338676591179529,0.041435515901043,0.0423243327654297
"yes",2,"L","L","F",0.0621318290254778,0.0478726217491485,0.277066900835079,0.376540538160129,0.124018206362588,0.0324909134664493,0.0396000757955827,0.040278914605546
"no",2,"L","L","F",0.0531694002556589,0.0416653352159906,0.253827286809127,0.383829110057267,0.137566994504221,0.0370399448691586,0.0457251871675163,0.0471767411210596
"yes",3,"L","L","F",0.0558313339922068,0.0435324060643658,0.26112164496979,0.38200753077835,0.133295748995147,0.0355728686817326,0.0437306505995103,0.044907815918898
"no",3,"L","L","F",0.047731488736363,0.037788899676242,0.23780217768778,0.386326433567991,0.147014997173638,0.0404062657083801,0.0503747976109404,0.0525549398386654
"yes",4,"L","L","F",0.0501355885334861,0.0395130367881497,0.245079615980351,0.385450324309671,0.142713576806705,0.0388519307643086,0.0482149876155896,0.0500409392017387
"no",4,"L","L","F",0.0428245858072699,0.034218414146415,0.221936360188808,0.386713980122688,0.156446386465833,0.043956244150168,0.0553954191597157,0.0585086099591023
"yes",5,"L","L","F",0.0449932161161742,0.0358049569230171,0.229121425777845,0.386800783989698,0.1521672653246,0.0423200179623887,0.0530657712117161,0.0557265626945604
"no",5,"L","L","F",0.0384017809984675,0.0309404490970661,0.206379933933854,0.384984020315312,0.165735697270291,0.0476739206729306,0.060793793993288,0.0650904037187914
"yes",6,"L","L","F",0.0403558840669247,0.0323957602784438,0.213407123639598,0.386032004921608,0.16153756640199,0.0459637982514748,0.0582918514272383,0.0620160110127225
"no",6,"L","L","F",0.0344193259450479,0.0279398523581786,0.191260411262346,0.381170993418907,0.174745487637944,0.051537072898117,0.0665711566853161,0.0723556997941431
"yes",7,"L","L","F",0.0361784031867897,0.0292709930013806,0.198074573669589,0.383159315603125,0.170692157209275,0.0497639757715644,0.0638971206192567,0.0689634609390198
"no",7,"L","L","F",0.0308366270867667,0.0252003792539548,0.176682505496267,0.375350223700414,0.183329429213122,0.0555166498173489,0.0727219540960086,0.0803622313361179
"yes",8,"L","L","F",0.0324187499556504,0.0264148363498335,0.183238828022838,0.378239705783658,0.179488308524798,0.0536946649881826,0.0698792762754991,0.0766256300995399
"no",8,"L","L","F",0.0276161846406034,0.0227052124471019,0.162728728009711,0.367635132099506,0.191336291905645,0.059576387599383,0.0792324994494482,0.0891695638486013
"yes",9,"L","L","F",0.029038028131014,0.0238106756257657,0.168992374980064,0.371369708788765,0.187776471798502,0.0577229152022232,0.0762284994650608,0.0850613260086059
"no",9,"L","L","F",0.0247234913193399,0.0204373812130293,0.149460634338491,0.358173090195941,0.198614709697473,0.0636726793466932,0.0860796140917885,0.0988383997972446
"yes",10,"L","L","F",0.026000384243689,0.0214415638515476,0.155406110530308,0.362681849892479,0.195404709115472,0.061808455676962,0.0829260943951862,0.0943308322943562
"no",10,"L","L","F",0.0221269021003228,0.0183800914124541,0.136920552072646,0.347140134702674,0.205018530905895,0.0677547715218961,0.0932293291707845,0.109429688113327
"yes",11,"L","L","F",0.0232728892616412,0.019290590901783,0.14253086782341,0.352339847829053,0.202223807291176,0.0659037347584811,0.0899431526560016,0.104495109478454
"no",11,"L","L","F",0.0197974843596243,0.0165169779508394,0.125133628816125,0.33473481942102,0.210412478391978,0.0717653525733007,0.100635738507789,0.121003519979324
"yes",12,"L","L","F",0.0208253966165652,0.0173411697496326,0.130399338836476,0.340532821547449,0.208092835597421,0.0699543228448326,0.0972393248507821,0.115614789956841
"no",12,"L","L","F",0.0177088559125654,0.0148322913046588,0.11411005382683,0.321171523171224,0.214677783742105,0.0756415828813397,0.10824011118649,0.133617797974786
"yes",1,"A","A","V",0.0947794016349498,0.0686443404711981,0.336097493970022,0.336690742125036,0.0896284935932397,0.0220907651065799,0.0262007348464299,0.025868028252545
"no",1,"A","A","V",0.0815169317476268,0.0605463958327303,0.316233479898209,0.354002912094837,0.101362781727942,0.0254799094728662,0.0304815101243113,0.030376079101478
"yes",2,"A","A","V",0.0854699761080051,0.0630078665685064,0.322670834748843,0.348901949344558,0.0976014295187103,0.0243772169496642,0.0290800591998832,0.0288906675618298
"no",2,"A","A","V",0.0734045394405581,0.0553657076944199,0.301482559058195,0.364106324870587,0.109909344944453,0.0280468945614338,0.033777487393157,0.033907142037196
"yes",3,"A","A","V",0.076997164119483,0.0576816040289913,0.308282557426912,0.359709582891768,0.105977807883356,0.0268551260302057,0.0322413546093271,0.0322548030099571
"no",3,"A","A","V",0.0660414261435682,0.0505106147242813,0.286097273091372,0.372529051185945,0.118792576573673,0.030812865319908,0.0373835356685116,0.0378326572927413
"yes",4,"A","A","V",0.0693006317418591,0.0526777986165107,0.293158148343068,0.36891807452476,0.114714951271422,0.0295301837883449,0.0357040613248633,0.0359961503891719
"no",4,"A","A","V",0.0593695739381354,0.045983381286213,0.270296180418672,0.379111739452584,0.127948533168756,0.0337798342224759,0.0413179663929747,0.0421927911201891
"yes",5,"A","A","V",0.0623214885523737,0.0480015647046154,0.277519664561954,0.376355346029642,0.123755801429403,0.0324056974644964,0.0394869737910533,0.0401534634664616
"no",5,"A","A","V",0.0533332574229329,0.0417808403632206,0.254286381041269,0.383727027976097,0.137297628092117,0.0369464668117285,0.0455975392098374,0.0470308590827979
"yes",6,"A","A","V",0.056002909471734,0.0436520655135557,0.261580019983333,0.381878846456184,0.13302795017145,0.0354819420167407,0.0436076460857071,0.0447686203012958
"no",6,"A","A","V",0.047879434824624,0.0378954779515278,0.238259141022552,0.38628416959802,0.146744396940072,0.0403073565022299,0.050236681587694,0.0523933415732797
"yes",7,"A","A","V",0.0502905927164352,0.0396236353263326,0.245538157398248,0.385380681792913,0.142443142336558,0.0387554548084827,0.0480816715467679,0.0498866640742625
"no",7,"A","A","V",0.0429580088146265,0.0343164172215152,0.222386575694516,0.386732376697153,0.156177941480066,0.0438522747722845,0.0552465731819819,0.0583298321378578
"yes",8,"A","A","V",0.0451330770578455,0.0359068116271754,0.229575242505531,0.386791568030523,0.151897394464398,0.0422182933156153,0.0529218289695751,0.0555557840293371
"no",8,"A","A","V",0.038521979011455,0.0310302883457362,0.206819418560363,0.385062710319551,0.165473175417857,0.0475654316367394,0.0606340958395608,0.0648929008687368
"yes",9,"A","A","V",0.0404819409544141,0.032489258021825,0.213851940307087,0.386083399466909,0.161271862431073,0.0458572858957206,0.0581370930916806,0.061827219831291
"no",9,"A","A","V",0.0345275064058741,0.0280219791311213,0.191685835237562,0.38130841390326,0.174492960884093,0.0514247924272165,0.066400659051211,0.0721378529596629
"yes",10,"A","A","V",0.0362919046505675,0.0293565691871292,0.198506762732247,0.383270296922302,0.170434564788148,0.049653316539199,0.0637315147897058,0.0687550703907011
"no",10,"A","A","V",0.0309339078182396,0.0252752684264984,0.177091186424513,0.375543674019472,0.183091172436383,0.0554015078418315,0.0725409223384629,0.0801223606945998
"yes",11,"A","A","V",0.0325208543510557,0.0264929569951764,0.183655414872527,0.378408080646519,0.179243024433237,0.0535806956951886,0.0697029868090572,0.0763959861972389
"no",11,"A","A","V",0.0277035962100766,0.0227733489970993,0.163118603982162,0.36788087341445,0.191116657325509,0.0594595235694214,0.0790414505565936,0.0889059459446879
"yes",12,"A","A","V",0.0291298053410181,0.0238818225969147,0.169391020027336,0.371592195682373,0.187547830061904,0.057606679532043,0.0760419240781262,0.0848087226802843
"no",12,"A","A","V",0.0248019803871358,0.0204992495237171,0.149830220798974,0.358466481097464,0.198417981295251,0.0635554417572226,0.0858793550931385,0.098549290047097
"yes",1,"L","A","V",0.101988578137796,0.0728571114496829,0.34499128013932,0.327208502710993,0.0841876847276156,0.0205680104338931,0.0243024956419011,0.023896336758798
"no",1,"L","A","V",0.0878151904566528,0.0644488941103255,0.326274958032487,0.345843640809653,0.0954814045991457,0.0237626228134117,0.0283026090328934,0.028070680145431
"yes",2,"L","A","V",0.0920430524165051,0.0670107477523635,0.332389779028391,0.340294411588436,0.0918530496197092,0.0227219742924885,0.026992084818839,0.0266949004832681
"no",2,"L","A","V",0.0791300085299321,0.0590402170688481,0.312115781170076,0.357037048371168,0.103756105634156,0.0261899594819246,0.0313884648178743,0.0313424149260205
"yes",3,"L","A","V",0.0829777596790695,0.0614607918357172,0.318666730648385,0.352127441914905,0.0999442824163405,0.025062183712718,0.029949608059887,0.0298112017329787
"no",3,"L","A","V",0.0712367342516721,0.0539515388869541,0.297161736803126,0.366680323687528,0.112404042378844,0.0288131653413135,0.0347707018797364,0.0349817567708256
"yes",4,"L","A","V",0.0747318175053134,0.0562253254485691,0.304046181314743,0.362499265333947,0.108428212426469,0.0275956766179511,0.0331946670888731,0.0332788542641338
"no",4,"L","A","V",0.0640760335502287,0.0491897189609452,0.281636359012045,0.374594649379169,0.121372017025624,0.031636229367904,0.0384683355712856,0.0390266571327978
"yes",5,"L","A","V",0.0672452287882853,0.0513144443571636,0.288753267505273,0.3712203392358,0.117258192638573,0.0303275284361556,0.0367465720753817,0.037134426963368
"no",5,"L","A","V",0.0575904922292415,0.0447553616357987,0.265755450980672,0.380629235960268,0.130591694960688,0.0346602834407062,0.0424993076970048,0.0435181730956212
"yes",6,"L","A","V",0.0604596347988493,0.0467314520644275,0.273007992051506,0.378126402820309,0.126372879913782,0.0332602527342395,0.040623830494981,0.0414175551219054
"no",6,"L","A","V",0.0517251144330808,0.0406439572249681,0.249722009794509,0.384666716310635,0.139978970644261,0.0378829103693628,0.0468797998595227,0.0485005213636609
"yes",7,"L","A","V",0.0543188880622981,0.0424740276534921,0.257019744028126,0.383084286531703,0.135695385474999,0.0363931353108378,0.0448435177895325,0.0461710151490116
"no",7,"L","A","V",0.0464276743865358,0.0368469399701089,0.233722145010924,0.386627428434951,0.149433912147412,0.0412974087718568,0.051623414936563,0.054021076341648
"yes",8,"L","A","V",0.0487694679439558,0.0385353250384421,0.240982750919405,0.385996732091679,0.145132938539237,0.0397215159050693,0.049420519628908,0.0514407499333034
"no",8,"L","A","V",0.0416489442354766,0.033352640670165,0.217922071030184,0.386472361138743,0.158841421755654,0.0448920421623011,0.0567402228005335,0.0601302962069431
"yes",9,"L","A","V",0.0437607620672579,0.0349049754876097,0.225072577575328,0.386805969918556,0.154577205278863,0.0432360404145103,0.0543666394546263,0.0572758298032491
"no",9,"L","A","V",0.0373428195277486,0.0301471227634738,0.202466180029548,0.38420460740806,0.168072727961761,0.0486493102639588,0.0622356734462128,0.0668815585992372
"yes",10,"L","A","V",0.039245235781878,0.0315699774935695,0.209443711317699,0.385495865486182,0.163905390551698,0.0469219166752557,0.0596895709572062,0.0637283317365118
"no",10,"L","A","V",0.0334663619944331,0.027214899177583,0.187476137630276,0.379869248925041,0.176987784694123,0.0525452917570188,0.0681093903641119,0.0743308854574133
"yes",11,"L","A","V",0.0351785102504463,0.0285154677295821,0.194228203314558,0.382092521530171,0.17298221841026,0.0507582179158964,0.065391743584467,0.0708531172646191
"no",11,"L","A","V",0.0299797770983845,0.0245395334606128,0.17305089227714,0.373551677802215,0.185438596704457,0.0565491183136593,0.0743538694882271,0.082536534855304
"yes",12,"L","A","V",0.0315193676423307,0.0257253740580929,0.179535278603211,0.376663304380617,0.181662838268346,0.0547172890534793,0.0714690603757757,0.0787074876181479
"no",12,"L","A","V",0.0268463415163766,0.0221041328916055,0.159267454092896,0.36537444395543,0.193273418152989,0.0606226483514308,0.0809531243039294,0.0915584367353434
"yes",1,"A","L","V",0.057776665121367,0.0448842816471117,0.266237395067648,0.380476016576676,0.130310854149897,0.0345661978970647,0.0423727595120761,0.0433758300281596
"no",1,"A","L","V",0.0494093659925174,0.0389939522800775,0.242914232174412,0.385756143910347,0.143991621707569,0.0393098276227979,0.0488489075076148,0.0507759488046643
"yes",2,"A","L","V",0.0518933703876284,0.0407632490731262,0.250205738132165,0.384575062642333,0.139694459798954,0.0377829134030585,0.0467425012980126,0.0483427052647227
"no",2,"A","L","V",0.0443380047399681,0.0353270440529086,0.226980127956448,0.386820833793,0.153441320731346,0.0428025633925506,0.0537499921265925,0.0565401132071871
"yes",3,"A","L","V",0.0465795448066933,0.0369569117389358,0.234202325719033,0.386599158882584,0.149148970706267,0.0411917722438631,0.0514750024577211,0.053846313444903
"no",3,"A","L","V",0.0397653916883256,0.0319571689893999,0.211309864128201,0.385765884725313,0.162790463819454,0.0464687479850325,0.0590272154296828,0.0629152632345917
"yes",4,"A","L","V",0.0417858678540052,0.0334536811763986,0.218394005482846,0.38650803966769,0.158559728932315,0.0447812005920135,0.0565804546100936,0.0599370216846373
"no",4,"A","L","V",0.0356467656806289,0.0288696514594574,0.196038237664113,0.382612323946119,0.171905145166015,0.0502882288931746,0.0646837070851327,0.069955940105359
"yes",5,"A","L","V",0.0374661399267197,0.0302396780998973,0.202925845564424,0.384303522488138,0.167798344763077,0.048533882025915,0.0620644641034481,0.0666681230283811
"no",5,"A","L","V",0.0319405292464347,0.0260485343278616,0.181277219095052,0.377422642424462,0.180641484516492,0.0542341893964065,0.0707162273872773,0.0777191736060141
"yes",6,"A","L","V",0.0335773273511798,0.0272994528248524,0.187920200802055,0.380029440093432,0.17672506798633,0.0524260972993071,0.0679268486983993,0.0740955649444448
"no",6,"A","L","V",0.0286082031728259,0.0234771330989666,0.167116307685901,0.370298475116157,0.188849334370905,0.0582726986552818,0.0771138374112117,0.0862640104887513
"yes",7,"A","L","V",0.0300795416646302,0.0246165897914689,0.173476696539758,0.373770008450483,0.185192085742865,0.0564271934536477,0.0741603388518146,0.0822775455053333
"no",7,"A","L","V",0.025614336758409,0.0211384861579793,0.153623588229874,0.361376868324603,0.196376813547953,0.0623624922833776,0.0838565377715741,0.09565087692623
"yes",8,"A","L","V",0.0269359684068924,0.0221742037910197,0.159672986614249,0.365646716505224,0.19304769633232,0.0604992504933405,0.0807492236902584,0.091273954166696
"no",8,"A","L","V",0.0229263857305226,0.0190157120100566,0.140847323041309,0.350825330760214,0.203075497010625,0.0664550567299936,0.0909139421241864,0.105940752593093
"yes",9,"A","L","V",0.0241127583927817,0.0199553380714864,0.146566122782354,0.355813901625348,0.200141227032483,0.0645970186276814,0.0876679992912535,0.101145634176611
"no",9,"A","L","V",0.0205145677543249,0.0170922852319766,0.128817914431067,0.338835928128379,0.208806011050455,0.0704950862355594,0.0982440706804981,0.11719413648774
"yes",10,"A","L","V",0.0215788923032184,0.0179432757866993,0.134194368550805,0.344453243475379,0.206328480815576,0.0686681979048442,0.0948800958451349,0.111953445318343
"no",10,"A","L","V",0.0183517036173181,0.0153522428460699,0.117550085527176,0.325618728586455,0.213443715077883,0.0744213678001056,0.105792367091265,0.129469789453727
"yes",11,"A","L","V",0.0193060274903864,0.0161217765843412,0.122579298420844,0.331767464290278,0.211477421770297,0.0726541229163769,0.102336779104256,0.123757109423221
"no",11,"A","L","V",0.0164130505526734,0.0137803322663687,0.107045147298453,0.311394934093729,0.216884106797254,0.0781681263834741,0.113491056586969,0.142823246021079
"yes",12,"A","L","V",0.017268334168809,0.0144752497914248,0.111728040614886,0.317973560662216,0.215473752717915,0.0764908966091006,0.109976338024979,0.13661382741067
"no",12,"A","L","V",0.0146761327703001,0.0123621110626943,0.0972932436969974,0.296390037655474,0.219047575069791,0.0816668294732152,0.121258971176658,0.15730509909487
"yes",1,"L","L","V",0.0623652208866604,0.048031282723283,0.277623847251726,0.376312496298077,0.123695427878283,0.032386105714001,0.0394609791069808,0.0401246401409889
"no",1,"L","L","V",0.0533710415183179,0.0418074641375011,0.254392053787426,0.383703291805266,0.137235636641748,0.0369249725544568,0.0455681988706097,0.0469973406846744
"yes",2,"L","L","V",0.0560424729236859,0.0436796459823997,0.261685517351775,0.381848991199219,0.132966324814044,0.0354610353869476,0.043579373852344,0.0447366384895853
"no",2,"L","L","V",0.047913550701044,0.0379200456652044,0.238364343222398,0.386274196507848,0.146682108615737,0.0402846109195465,0.0502049330086741,0.0523562113595476
"yes",3,"L","L","V",0.0503263358218496,0.0396491290444167,0.245643714068129,0.385364408776003,0.142380898237129,0.0387332699245153,0.048051027284322,0.0498512168436357
"no",3,"L","L","V",0.0429887763215614,0.0343390095355069,0.222490242132803,0.38673636546352,0.156116134727602,0.0438283626103046,0.0552123555838646,0.058288753624838
"yes",4,"L","L","V",0.045165328880065,0.0359302912482938,0.229679730256133,0.386789200783252,0.151835266299694,0.0421948987628729,0.0528887398187852,0.0555165439509046
"no",4,"L","L","V",0.0385496973097388,0.0310509997500223,0.206920629793255,0.385080581341787,0.165412716127057,0.0475404765858841,0.0605973804553412,0.0648475186369144
"yes",5,"L","L","V",0.0405110101126463,0.032510812358653,0.213954372455507,0.386094985237842,0.16121067807574,0.0458327870930707,0.0581015147663601,0.0617838399001804
"no",5,"L","L","V",0.0345524537909594,0.028040913390803,0.191783822167554,0.381339812177558,0.174434785293945,0.0513989613185286,0.0663614572279163,0.0720877946327348
"yes",6,"L","L","V",0.036318078922252,0.0293762983023074,0.198606301638428,0.383295604913816,0.170375231002844,0.0496278602301214,0.0636934393483716,0.0687071856418588
"no",6,"L","L","V",0.0309563419498779,0.0252925347819725,0.177185329036293,0.375587982346048,0.183036263953115,0.0553750138894576,0.0724992942172212,0.0800672398260154
"yes",7,"L","L","V",0.0325444007296215,0.0265109680642024,0.183751373217733,0.378446610622579,0.179186506425571,0.0535544736784972,0.0696624511013091,0.0763432161604869
"no",7,"L","L","V",0.0277237546517785,0.0227890590628636,0.163208425228835,0.367937235142563,0.191066017710011,0.059432628198377,0.0789975140409659,0.0888453659646049
"yes",8,"L","L","V",0.0291509704454916,0.0238982264972705,0.169482856774185,0.371643196495811,0.18749512514354,0.0575799311924791,0.0759990186251621,0.0847506748260607
"no",8,"L","L","V",0.0248200813735521,0.0205135148157199,0.149915376729596,0.358533831209942,0.198372597222695,0.0635284545317198,0.0858332946969396,0.0984828494198349
"yes",9,"L","L","V",0.0261018293676273,0.0215211315296817,0.155872384950974,0.363016696060191,0.19514914991481,0.0616642208955853,0.0826847815401743,0.0939898057409563
"no",9,"L","L","V",0.0222135788220115,0.0184490969813394,0.13734915442653,0.347552898728231,0.204809572136657,0.0676119833140791,0.0929730676936713,0.109040647897481
"yes",10,"L","L","V",0.0233639478505387,0.0193627664285078,0.142971466123229,0.352729823689215,0.201999179100889,0.0657600428263099,0.0896912125711928,0.104121561410118
"no",10,"L","L","V",0.0198752216212369,0.0165794218467614,0.125535473404658,0.33519231050272,0.210241185794848,0.0716261189736648,0.100371363851336,0.120578904004775
"yes",11,"L","L","V",0.0209070840122619,0.0174065287619026,0.130813394975702,0.340970911477733,0.207903893696334,0.0698131980243188,0.0969783837851026,0.115206605266645
"no",11,"L","L","V",0.0177785406685191,0.0148887157017905,0.114485010731105,0.321666005336785,0.214547996519175,0.0755081937898613,0.107969914748629,0.133155622504135
"yes",12,"L","L","V",0.0187036268604105,0.0156363478161364,0.119415406088105,0.327947442085865,0.212735749170283,0.0737633975467792,0.104493937431035,0.127304093001385
"no",12,"L","L","V",0.0158994552029983,0.013361948084338,0.104195676155038,0.307197092521957,0.217632135137556,0.0791914454969921,0.115697130770725,0.146825116630395
