"probs"
0.406976744186047
